C:\ProgramData\Anaconda3\python.exe C:/Users/julie/Desktop/Work2020/evaluation_HHG/evaluation_scripts/pandas_HHG_search/energy_ranges_statistics.py
columns in sort class: {'PP in out', 'Nmax', 'HHG 34-50nm', 'EN25', 'HHG 24nm-34nm', 'z um', 'divergence N=22', 'IL in 1E19', 'NphotonN25srbw0.5N', 'day', 'shot', 'EL on target', 'divergence N=25', 'div25 gauss', 'NPhotonbwN25', 'GVD in fs^2'}
GVD in fs^2 column to be sorted
GVD in fs^2GVD in fs^2_-300_400
all shots in this selection: 30
          day shot  z um  GVD in fs^2
123  20190123   43 -3200            0
199  20180118    1     0          300
229  20180118   31  -600          300
232  20180118   34 -2000          300
233  20180118   35 -2000          300
234  20180118   36 -2400          300
235  20180118   37 -2400          300
236  20180118   38 -2400          300
245  20180118   47 -2400          300
246  20180118   48 -2400          300
248  20180118   50 -2200          300
283  20180118   97 -3000          300
284  20180118   98 -3000          300
285  20180118   99     0          300
286  20180118  100     0          300
383  20190121   30 -2200          300
384  20190121   31 -2200          300
385  20190121   32 -2200          300
386  20190121   33     0          300
387  20190121   34     0          300
388  20190121   35     0          300
433  20190117   28  -400          300
434  20190117   29  -800          300
436  20190117   31  -800          300
437  20190117   32 -1600          300
471  20190116   31  -400            0
473  20190116   33  -400            0
474  20190116   34 -2800            0
475  20190116   35 -2800            0
505  20190116   65  -800            0
xxxxxxxxxxxx
GVD in fs^2 column to be sorted
all shots in this selection: 7
          day shot  z um  GVD in fs^2
88   20190123    8 -1600          600
107  20190123   27 -2400          600
121  20190123   41 -2800          600
122  20190123   42 -3200          600
247  20180118   49 -2400          600
381  20190121   28 -2200          600
382  20190121   29 -2200          600
xxxxxxxxxxxx
GVD in fs^2 column to be sorted
GVD in fs^2GVD in fs^2_700_1200
all shots in this selection: 19
          day shot  z um  GVD in fs^2
124  20190123   44 -3200          900
125  20190123   45 -3200          900
128  20190123   48 -4000          900
287  20190130    1 -2200          900
290  20190130    4 -2200         1100
296  20190130   10 -2200          700
297  20190130   11 -2200          700
298  20190130   12 -2200          700
301  20190130   15 -2200          700
302  20190130   16 -2200          700
303  20190130   17 -2200          700
328  20190130  10s -2200         1100
329  20190130  11s -2200         1100
330  20190130  12s -2200         1100
337  20190130  19s -1500         1100
338  20190130  20s -1500         1100
378  20190121   25 -2200          900
379  20190121   26 -2200          900
380  20190121   27 -2200          900
xxxxxxxxxxxx 2.4-2.7J on target

Process finished with exit code 0
